4.743172000000000000e+06
3.457030000000000000e+06
4.971180000000000000e+06
4.997132000000000000e+06
5.038094000000000000e+06
1.974288000000000000e+06
3.440658000000000000e+06
5.087252000000000000e+06
1.335320000000000000e+06
4.972570000000000000e+06
1.321648000000000000e+06
1.933350000000000000e+06
1.155114000000000000e+06
6.826740000000000000e+05
1.393140000000000000e+05
2.023478000000000000e+06
1.622072000000000000e+06
6.882320000000000000e+05
1.147480000000000000e+05
3.612738000000000000e+06
6.963320000000000000e+05
4.751438000000000000e+06
2.572368000000000000e+06
5.571390000000000000e+05
4.816980000000000000e+06
5.079910000000000000e+05
4.923482000000000000e+06
3.596386000000000000e+06
1.335396000000000000e+06
1.286248000000000000e+06
3.432558000000000000e+06
3.440754000000000000e+06
4.988948000000000000e+06
3.109760000000000000e+05
3.097962000000000000e+06
1.949824000000000000e+06
4.759686000000000000e+06
6.936120000000000000e+05
3.032450000000000000e+05
5.084398000000000000e+06
3.031186000000000000e+06
4.956308000000000000e+06
4.858016000000000000e+06
4.890788000000000000e+06
5.230675610000000000e+08
1.917100000000000000e+06
3.449006000000000000e+06
9.342860000000000000e+05
4.808890000000000000e+06
3.588284000000000000e+06
5.229365110000000000e+08
3.033000000000000000e+05
1.155276000000000000e+06
4.997328000000000000e+06
1.622228000000000000e+06
5.030110000000000000e+06
1.335522000000000000e+06
3.440868000000000000e+06
1.130726000000000000e+06
3.105002000000000000e+06
5.005548000000000000e+06
4.852434000000000000e+06
5.046514000000000000e+06
1.622260000000000000e+06
3.490042000000000000e+06
4.759804000000000000e+06
3.105022000000000000e+06
3.408134000000000000e+06
4.501548000000000000e+06
6.883960000000000000e+05
1.876240000000000000e+06
8.875120000000000000e+05
3.440918000000000000e+06
3.408152000000000000e+06
1.313580000000000000e+05
2.351392000000000000e+06
3.137831000000000000e+06
3.078876000000000000e+06
1.253676000000000000e+06
1.335598000000000000e+06
7.949280000000000000e+05
1.270066000000000000e+06
1.974580000000000000e+06
1.950006000000000000e+06
1.278264000000000000e+06
3.140000000000000000e+02
4.948558000000000000e+06
1.155392000000000000e+06
9.342100000000000000e+05
4.759880000000000000e+06
1.892682000000000000e+06
2.507086000000000000e+06
1.335632000000000000e+06
5.492070000000000000e+05
4.956504000000000000e+06
1.933658000000000000e+06
3.510000000000000000e+02
4.817254000000000000e+06
5.082690000000000000e+05
4.833652000000000000e+06
2.089336000000000000e+06
4.882810000000000000e+06
1.335680000000000000e+06
4.768132000000000000e+06
3.105158000000000000e+06
3.031106000000000000e+06
1.130894000000000000e+06
7.950240000000000000e+05
1.229208000000000000e+06
2.474396000000000000e+06
4.441498000000000000e+06
1.868190000000000000e+06
2.022128000000000000e+06
1.335718000000000000e+06
4.642840000000000000e+05
9.343140000000000000e+05
1.974700000000000000e+06
3.199170000000000000e+05
3.432880000000000000e+06
2.482610000000000000e+06
7.950600000000000000e+05
3.408332000000000000e+06
9.343540000000000000e+05
7.950920000000000000e+05
3.408346000000000000e+06
1.917408000000000000e+06
3.100752000000000000e+06
3.105264000000000000e+06
7.951260000000000000e+05
1.262072000000000000e+06
1.335804000000000000e+06
2.474502000000000000e+06
1.131020000000000000e+06
3.105294000000000000e+06
4.749434000000000000e+06
1.519706000000000000e+06
1.335846000000000000e+06
7.824280000000000000e+05
3.105324000000000000e+06
7.951860000000000000e+05
5.046838000000000000e+06
2.020788000000000000e+06
5.494370000000000000e+05
9.344760000000000000e+05
1.335886000000000000e+06
1.909328000000000000e+06
9.508680000000000000e+05
4.833880000000000000e+06
4.874340000000000000e+06
5.030490000000000000e+06
1.770076000000000000e+06
4.858464000000000000e+06
9.244320000000000000e+05
1.972190000000000000e+05
4.751972000000000000e+06
4.743782000000000000e+06
3.201110000000000000e+05
4.931688000000000000e+06
1.278578000000000000e+06
3.105396000000000000e+06
7.952560000000000000e+05
4.750100000000000000e+06
4.874880000000000000e+06
3.433090000000000000e+06
3.201340000000000000e+05
2.093164000000000000e+06
1.335948000000000000e+06
1.909396000000000000e+06
1.270422000000000000e+06
3.408538000000000000e+06
7.952980000000000000e+05
9.345640000000000000e+05
5.084614000000000000e+06
2.089638000000000000e+06
7.441000000000000000e+04
5.225929420000000000e+08
1.909432000000000000e+06
3.105468000000000000e+06
3.441344000000000000e+06
5.063362000000000000e+06
4.760260000000000000e+06
1.336008000000000000e+06
3.458508000000000000e+06
4.978126000000000000e+06
3.457750000000000000e+06
7.953520000000000000e+05
2.474718000000000000e+06
4.616050000000000000e+05
5.230599410000000000e+08
5.225930020000000000e+08
5.030640000000000000e+06
4.760306000000000000e+06
2.949878000000000000e+06
5.096188000000000000e+06
5.230681590000000000e+08
3.433216000000000000e+06
2.089730000000000000e+06
1.164036000000000000e+06
9.346680000000000000e+05
3.584130000000000000e+06
4.809486000000000000e+06
5.496470000000000000e+05
3.441424000000000000e+06
1.336084000000000000e+06
3.455790000000000000e+06
4.760342000000000000e+06
3.105560000000000000e+06
5.414650000000000000e+05
1.909530000000000000e+06
1.950496000000000000e+06
2.895850000000000000e+05
1.270574000000000000e+06
3.597104000000000000e+06
2.024244000000000000e+06
4.768568000000000000e+06
4.760380000000000000e+06
3.420298000000000000e+06
4.743998000000000000e+06
2.094560000000000000e+06
4.555586000000000000e+06
4.784964000000000000e+06
2.089800000000000000e+06
4.748770000000000000e+06
3.203400000000000000e+05
3.441494000000000000e+06
3.408730000000000000e+06
4.760418000000000000e+06
5.063526000000000000e+06
1.770346000000000000e+06
2.024304000000000000e+06
4.965234000000000000e+06
5.096308000000000000e+06
1.155220000000000000e+06
4.744058000000000000e+06
3.098090000000000000e+06
3.441538000000000000e+06
9.101300000000000000e+04
1.270664000000000000e+06
1.336202000000000000e+06
1.229708000000000000e+06
1.155982000000000000e+06
4.858772000000000000e+06
3.097494000000000000e+06
1.975192000000000000e+06
5.025960000000000000e+05
2.089882000000000000e+06
4.432798000000000000e+06
1.950626000000000000e+06
5.230683230000000000e+08
5.088166000000000000e+06
1.336234000000000000e+06
4.596940000000000000e+05
4.809652000000000000e+06
5.225932060000000000e+08
3.441592000000000000e+06
9.348420000000000000e+05
1.908896000000000000e+06
2.089924000000000000e+06
5.030854000000000000e+06
4.875208000000000000e+06
1.227596000000000000e+06
3.613646000000000000e+06
1.254352000000000000e+06
3.408852000000000000e+06
1.336280000000000000e+06
5.416580000000000000e+05
3.580894000000000000e+06
4.793314000000000000e+06
4.858854000000000000e+06
5.171030000000000000e+05
2.507760000000000000e+06
4.834290000000000000e+06
1.262582000000000000e+06
5.055480000000000000e+06
7.956420000000000000e+05
4.760586000000000000e+06
5.225933000000000000e+08
2.093230000000000000e+06
9.231400000000000000e+05
3.449882000000000000e+06
3.097638000000000000e+06
1.950760000000000000e+06
5.008220000000000000e+06
3.580974000000000000e+06
5.094480000000000000e+05
4.858932000000000000e+06
4.441144000000000000e+06
3.441724000000000000e+06
1.103714000000000000e+06
4.744254000000000000e+06
2.458688000000000000e+06
3.490882000000000000e+06
5.417650000000000000e+05
5.063752000000000000e+06
1.918026000000000000e+06
1.909836000000000000e+06
5.230603030000000000e+08
1.036940000000000000e+05
1.909864000000000000e+06
4.759740000000000000e+06
4.858986000000000000e+06
2.090096000000000000e+06
3.581044000000000000e+06
3.409014000000000000e+06
2.458746000000000000e+06
1.328252000000000000e+06
1.336452000000000000e+06
7.957820000000000000e+05
4.768904000000000000e+06
3.613838000000000000e+06
1.628900000000000000e+05
4.744346000000000000e+06
2.458780000000000000e+06
1.623578000000000000e+06
5.500460000000000000e+05
5.221450000000000000e+05
4.433060000000000000e+06
3.589288000000000000e+06
1.620850000000000000e+06
1.623214000000000000e+06
4.850864000000000000e+06
4.834484000000000000e+06
6.893340000000000000e+05
3.572926000000000000e+06
3.597504000000000000e+06
1.950914000000000000e+06
5.230686110000000000e+08
1.909956000000000000e+06
3.115894000000000000e+06
2.020898000000000000e+06
4.859092000000000000e+06
2.142300000000000000e+05
5.035556000000000000e+06
5.229293710000000000e+08
4.801758000000000000e+06
5.088484000000000000e+06
2.090216000000000000e+06
1.975534000000000000e+06
1.934576000000000000e+06
3.335720000000000000e+06
4.982002000000000000e+06
1.910004000000000000e+06
3.097846000000000000e+06
1.619498000000000000e+06
7.959020000000000000e+05
1.869060000000000000e+06
3.417356000000000000e+06
4.949264000000000000e+06
4.998422000000000000e+06
2.458908000000000000e+06
5.419880000000000000e+05
3.515686000000000000e+06
1.877290000000000000e+06
1.328428000000000000e+06
3.409206000000000000e+06
4.810042000000000000e+06
1.164604000000000000e+06
2.458942000000000000e+06
4.853984000000000000e+06
5.039432000000000000e+06
3.496844000000000000e+06
4.441418000000000000e+06
3.433804000000000000e+06
1.246544000000000000e+06
3.429944000000000000e+06
4.867412000000000000e+06
5.088604000000000000e+06
3.515962000000000000e+06
1.910110000000000000e+06
3.450208000000000000e+06
4.817126000000000000e+06
1.230186000000000000e+06
9.586000000000000000e+03
2.573684000000000000e+06
2.345876000000000000e+06
1.910138000000000000e+06
1.623420000000000000e+06
2.573702000000000000e+06
3.097992000000000000e+06
5.502810000000000000e+05
2.090382000000000000e+06
5.047696000000000000e+06
3.209140000000000000e+05
4.859284000000000000e+06
1.254810000000000000e+06
6.698100000000000000e+04
4.867500000000000000e+06
2.508206000000000000e+06
4.834746000000000000e+06
4.892094000000000000e+06
2.226550000000000000e+05
2.573760000000000000e+06
1.525188000000000000e+06
3.491938000000000000e+06
4.498888000000000000e+06
5.096908000000000000e+06
3.556814000000000000e+06
9.517640000000000000e+05
4.769238000000000000e+06
2.226800000000000000e+05
5.047774000000000000e+06
2.226880000000000000e+05
1.977254000000000000e+06
1.910246000000000000e+06
2.089212000000000000e+06
1.899300000000000000e+05
9.245840000000000000e+05
7.797720000000000000e+05
1.969066000000000000e+06
5.230689310000000000e+08
3.581444000000000000e+06
4.924936000000000000e+06
1.910282000000000000e+06
9.518220000000000000e+05
2.573840000000000000e+06
2.145480000000000000e+05
3.098134000000000000e+06
4.761114000000000000e+06
1.320478000000000000e+06
5.176670000000000000e+05
2.508324000000000000e+06
1.910310000000000000e+06
4.793896000000000000e+06
1.123882000000000000e+06
5.422530000000000000e+05
3.434034000000000000e+06
3.098164000000000000e+06
6.897580000000000000e+05
3.556920000000000000e+06
1.620916000000000000e+06
3.597882000000000000e+06
4.884032000000000000e+06
3.556934000000000000e+06
4.949576000000000000e+06
3.614284000000000000e+06
9.518880000000000000e+05
5.039698000000000000e+06
1.320538000000000000e+06
5.074900000000000000e+06
2.571194000000000000e+06
4.769374000000000000e+06
2.090592000000000000e+06
4.817168000000000000e+06
1.893988000000000000e+06
4.748902000000000000e+06
3.450470000000000000e+06
1.877612000000000000e+06
2.483822000000000000e+06
3.098228000000000000e+06
5.229133990000000000e+08
1.320568000000000000e+06
4.826748000000000000e+06
4.761214000000000000e+06
1.673000000000000000e+03
4.867724000000000000e+06
2.565742000000000000e+06
1.525404000000000000e+06
3.098276000000000000e+06
5.229134450000000000e+08
5.505670000000000000e+05
9.519900000000000000e+05
1.525432000000000000e+06
3.511924000000000000e+06
4.761278000000000000e+06
3.098304000000000000e+06
4.859592000000000000e+06
4.736718000000000000e+06
3.516024000000000000e+06
3.589842000000000000e+06
1.525460000000000000e+06
4.892374000000000000e+06
5.229134970000000000e+08
1.910490000000000000e+06
4.769500000000000000e+06
3.098334000000000000e+06
1.231824000000000000e+06
5.015270000000000000e+06
2.569670000000000000e+06
5.229135230000000000e+08
1.785000000000000000e+03
9.520580000000000000e+05
2.459388000000000000e+06
5.230609910000000000e+08
4.785920000000000000e+06
2.049800000000000000e+06
1.207256000000000000e+06
3.424558000000000000e+06
4.949782000000000000e+06
5.226268440000000000e+08
1.238816000000000000e+06
1.885992000000000000e+06
1.834000000000000000e+03
4.851500000000000000e+06
5.035656000000000000e+06
4.769586000000000000e+06
3.098420000000000000e+06
2.090812000000000000e+06
5.425270000000000000e+05
4.955104000000000000e+06
3.532610000000000000e+06
8.865980000000000000e+05
4.892490000000000000e+06
4.441934000000000000e+06
3.105080000000000000e+06
4.769620000000000000e+06
8.538500000000000000e+05
3.614556000000000000e+06
2.229260000000000000e+05
5.179880000000000000e+05
5.097318000000000000e+06
4.761454000000000000e+06
1.967984000000000000e+06
2.774800000000000000e+05
8.866440000000000000e+05
4.859766000000000000e+06
1.911000000000000000e+03
4.499322000000000000e+06
3.434364000000000000e+06
2.105810000000000000e+05
5.034304000000000000e+06
3.532674000000000000e+06
1.925000000000000000e+03
5.226269560000000000e+08
4.892558000000000000e+06
4.769680000000000000e+06
1.320850000000000000e+06
1.968026000000000000e+06
5.072798000000000000e+06
5.229137010000000000e+08
2.090918000000000000e+06
1.964000000000000000e+03
4.851632000000000000e+06
3.434420000000000000e+06
8.867100000000000000e+05
1.973236000000000000e+06
1.525700000000000000e+06
4.868038000000000000e+06
2.231840000000000000e+05
4.869112000000000000e+06
1.279954000000000000e+06
2.004000000000000000e+03
3.432782000000000000e+06
5.226270300000000000e+08
4.818904000000000000e+06
4.949978000000000000e+06
1.968092000000000000e+06
4.769758000000000000e+06
4.859876000000000000e+06
2.232110000000000000e+05
1.986380000000000000e+05
5.226270580000000000e+08
6.912000000000000000e+05
4.761604000000000000e+06
8.867960000000000000e+05
4.933646000000000000e+06
2.067000000000000000e+03
7.966920000000000000e+05
3.098652000000000000e+06
1.968158000000000000e+06
3.336236000000000000e+06
1.255472000000000000e+06
2.937392000000000000e+06
3.098682000000000000e+06
2.109000000000000000e+03
1.975990000000000000e+06
3.115078000000000000e+06
5.229384430000000000e+08
3.409996000000000000e+06
4.859986000000000000e+06
1.976404000000000000e+06
4.938766000000000000e+06
5.089366000000000000e+06
1.886296000000000000e+06
3.098716000000000000e+06
8.868800000000000000e+05
4.999266000000000000e+06
9.342460000000000000e+05
2.153000000000000000e+03
5.073004000000000000e+06
6.902860000000000000e+05
5.226271840000000000e+08
1.624178000000000000e+06
5.023862000000000000e+06
5.097592000000000000e+06
1.329276000000000000e+06
1.165442000000000000e+06
5.428540000000000000e+05
4.925576000000000000e+06
3.445100000000000000e+06
1.525904000000000000e+06
5.229385130000000000e+08
1.231000000000000000e+06
4.991132000000000000e+06
2.470256000000000000e+06
5.089450000000000000e+06
4.884656000000000000e+06
2.021064000000000000e+06
2.091186000000000000e+06
1.997100000000000000e+05
2.948128000000000000e+06
7.968740000000000000e+05
3.508430000000000000e+06
5.226272800000000000e+08
1.976532000000000000e+06
4.875982000000000000e+06
1.280220000000000000e+06
1.525984000000000000e+06
4.950244000000000000e+06
1.206508000000000000e+06
5.097170000000000000e+06
4.933870000000000000e+06
4.925680000000000000e+06
4.802828000000000000e+06
1.976590000000000000e+06
5.230451350000000000e+08
4.950288000000000000e+06
4.855512000000000000e+06
4.999446000000000000e+06
3.410200000000000000e+06
2.338000000000000000e+03
1.968428000000000000e+06
5.097778000000000000e+06
4.999476000000000000e+06
2.090718000000000000e+06
2.091322000000000000e+06
2.459964000000000000e+06
4.611200000000000000e+05
3.413728000000000000e+06
5.230451890000000000e+08
5.226273980000000000e+08
1.403212000000000000e+06
4.876624000000000000e+06
4.868434000000000000e+06
2.387000000000000000e+03
1.622414000000000000e+06
9.250400000000000000e+04
1.517916000000000000e+06
4.950368000000000000e+06
7.642610000000000000e+05
3.615082000000000000e+06
8.871520000000000000e+05
1.157490000000000000e+06
2.422000000000000000e+03
2.891450000000000000e+05
4.611800000000000000e+05
1.624448000000000000e+06
1.878402000000000000e+06
3.508614000000000000e+06
2.891610000000000000e+05
3.451284000000000000e+06
2.891750000000000000e+05
1.517978000000000000e+06
5.230452750000000000e+08
2.154560000000000000e+05
5.513290000000000000e+05
1.968546000000000000e+06
4.852132000000000000e+06
1.283826000000000000e+06
8.872140000000000000e+05
5.226275060000000000e+08
7.971080000000000000e+05
1.976762000000000000e+06
1.518666000000000000e+06
4.934086000000000000e+06
3.570764000000000000e+06
4.925898000000000000e+06
5.104110000000000000e+05
3.434958000000000000e+06
8.872520000000000000e+05
8.626880000000000000e+05
4.950500000000000000e+06
1.124838000000000000e+06
3.098364000000000000e+06
4.770282000000000000e+06
2.892590000000000000e+05
5.186380000000000000e+05
1.518070000000000000e+06
1.886714000000000000e+06
1.163690000000000000e+06
1.418220000000000000e+05
3.430144000000000000e+06
2.564000000000000000e+03
2.091526000000000000e+06
5.032456000000000000e+06
2.345604000000000000e+06
1.991830000000000000e+05
4.893200000000000000e+06
5.226276020000000000e+08
2.378272000000000000e+06
5.230454090000000000e+08
1.968674000000000000e+06
1.518118000000000000e+06
9.528740000000000000e+05
5.023180000000000000e+05
3.590714000000000000e+06
4.852288000000000000e+06
5.089860000000000000e+06
4.862390000000000000e+06
1.157702000000000000e+06
4.794952000000000000e+06
1.894986000000000000e+06
2.345552000000000000e+06
1.624660000000000000e+06
2.156380000000000000e+05
8.873880000000000000e+05
4.991586000000000000e+06
2.345576000000000000e+06
3.615342000000000000e+06
1.624690000000000000e+06
6.826160000000000000e+05
5.226277060000000000e+08
4.803200000000000000e+06
1.968770000000000000e+06
4.722760000000000000e+05
5.230455090000000000e+08
3.181190000000000000e+06
1.976968000000000000e+06
9.529700000000000000e+05
2.238900000000000000e+05
2.239020000000000000e+05
1.911390000000000000e+05
9.530060000000000000e+05
5.098160000000000000e+06
1.624754000000000000e+06
1.968820000000000000e+06
5.073592000000000000e+06
5.226277720000000000e+08
1.231560000000000000e+06
5.057228000000000000e+06
1.862776000000000000e+06
1.862354000000000000e+06
4.885204000000000000e+06
4.819672000000000000e+06
1.624796000000000000e+06
2.239700000000000000e+05
5.230456110000000000e+08
1.862382000000000000e+06
1.733626000000000000e+06
1.968884000000000000e+06
5.226278300000000000e+08
4.989396000000000000e+06
1.878778000000000000e+06
3.491626000000000000e+06
2.091774000000000000e+06
1.256192000000000000e+06
2.240010000000000000e+05
3.508994000000000000e+06
4.441900000000000000e+06
2.240130000000000000e+05
5.226278600000000000e+08
4.437806000000000000e+06
2.158300000000000000e+05
2.240250000000000000e+05
3.484442000000000000e+06
1.313570000000000000e+06
2.240370000000000000e+05
4.975408000000000000e+06
2.240490000000000000e+05
4.762418000000000000e+06
5.230456830000000000e+08
2.050868000000000000e+06
8.876100000000000000e+05
2.091838000000000000e+06
2.023904000000000000e+06
1.264450000000000000e+06
1.526596000000000000e+06
3.331894000000000000e+06
4.770630000000000000e+06
5.226279120000000000e+08
1.239886000000000000e+06
1.862486000000000000e+06
2.240900000000000000e+05
4.868956000000000000e+06
3.451742000000000000e+06
1.129962000000000000e+06
5.073762000000000000e+06
1.831400000000000000e+05
4.647000000000000000e+05
5.000042000000000000e+06
5.226279500000000000e+08
5.190250000000000000e+05
2.241180000000000000e+05
2.673527000000000000e+06
3.484536000000000000e+06
1.855000000000000000e+03
4.934530000000000000e+06
1.231758000000000000e+06
4.860816000000000000e+06
7.812040000000000000e+05
4.852636000000000000e+06
1.518500000000000000e+06
5.230457970000000000e+08
3.558310000000000000e+06
8.877200000000000000e+05
5.226280100000000000e+08
4.877230000000000000e+06
1.832160000000000000e+05
4.803510000000000000e+06
2.241850000000000000e+05
4.991930000000000000e+06
4.795324000000000000e+06
1.832350000000000000e+05
2.897340000000000000e+05
2.241990000000000000e+05
8.877520000000000000e+05
1.518538000000000000e+06
1.969104000000000000e+06
5.038584000000000000e+06
2.935764000000000000e+06
1.092565000000000000e+06
4.975574000000000000e+06
4.860888000000000000e+06
2.242180000000000000e+05
2.897610000000000000e+05
1.832670000000000000e+05
1.625064000000000000e+06
3.116010000000000000e+06
2.242350000000000000e+05
4.749138000000000000e+06
1.870830000000000000e+06
2.935794000000000000e+06
4.852724000000000000e+06
1.281016000000000000e+06
1.525588000000000000e+06
2.242560000000000000e+05
5.109770000000000000e+05
1.969158000000000000e+06
5.437540000000000000e+05
3.607564000000000000e+06
1.833090000000000000e+05
2.242700000000000000e+05
1.870866000000000000e+06
5.034500000000000000e+06
1.125402000000000000e+06
3.484700000000000000e+06
5.226281260000000000e+08
7.977280000000000000e+05
3.028596000000000000e+06
2.242950000000000000e+05
4.986716000000000000e+06
1.969204000000000000e+06
2.848606000000000000e+06
1.833500000000000000e+05
5.226282760000000000e+08
7.813700000000000000e+05
1.125438000000000000e+06
2.570080000000000000e+06
1.313858000000000000e+06
5.073988000000000000e+06
4.803658000000000000e+06
3.594082000000000000e+06
4.758712000000000000e+06
5.228739400000000000e+08
2.898800000000000000e+05
1.158238000000000000e+06
5.229394910000000000e+08
4.619240000000000000e+05
5.230459890000000000e+08
1.862762000000000000e+06
2.935920000000000000e+06
2.092150000000000000e+06
8.879280000000000000e+05
1.876000000000000000e+03
1.158270000000000000e+06
3.411074000000000000e+06
1.870980000000000000e+06
4.869254000000000000e+06
1.019020000000000000e+06
8.879520000000000000e+05
2.817470000000000000e+05
1.969300000000000000e+06
2.935962000000000000e+06
7.978520000000000000e+05
2.817620000000000000e+05
3.116200000000000000e+06
2.899610000000000000e+05
4.820148000000000000e+06
2.469046000000000000e+06
3.114868000000000000e+06
4.762812000000000000e+06
2.936000000000000000e+06
3.027488000000000000e+06
1.916820000000000000e+05
4.620250000000000000e+05
1.862860000000000000e+06
7.828820000000000000e+05
4.934862000000000000e+06
5.521410000000000000e+05
2.818110000000000000e+05
5.041364000000000000e+06
2.092248000000000000e+06
5.193860000000000000e+05
2.346204000000000000e+06
4.945786000000000000e+06
2.900180000000000000e+05
4.844772000000000000e+06
5.030250000000000000e+05
3.099890000000000000e+06
4.861172000000000000e+06
8.880540000000000000e+05
4.500728000000000000e+06
2.346234000000000000e+06
4.992260000000000000e+06
2.900530000000000000e+05
3.435782000000000000e+06
3.181848000000000000e+06
1.969434000000000000e+06
2.052800000000000000e+06
4.853022000000000000e+06
4.977200000000000000e+06
5.226283880000000000e+08
3.558704000000000000e+06
4.984126000000000000e+06
2.936136000000000000e+06
4.877644000000000000e+06
1.232208000000000000e+06
1.895762000000000000e+06
1.248600000000000000e+06
7.980420000000000000e+05
4.749200000000000000e+06
3.444068000000000000e+06
8.881680000000000000e+05
1.274428000000000000e+06
1.124242000000000000e+06
3.050868000000000000e+06
4.861318000000000000e+06
2.328400000000000000e+05
1.125774000000000000e+06
5.226285000000000000e+08
5.016982000000000000e+06
3.411354000000000000e+06
1.936796000000000000e+06
3.098522000000000000e+06
3.181986000000000000e+06
1.519012000000000000e+06
4.804006000000000000e+06
2.914480000000000000e+05
8.882380000000000000e+05
3.501496000000000000e+06
4.926910000000000000e+06
3.527000000000000000e+03
5.226285600000000000e+08
1.892942000000000000e+06
2.092502000000000000e+06
3.050970000000000000e+06
4.869598000000000000e+06
1.957000000000000000e+03
5.229398750000000000e+08
1.134054000000000000e+06
1.207790000000000000e+06
3.493360000000000000e+06
3.569000000000000000e+03
2.936306000000000000e+06
2.567668000000000000e+06
2.089556000000000000e+06
3.411458000000000000e+06
1.519108000000000000e+06
1.969672000000000000e+06
4.810668000000000000e+06
4.935180000000000000e+06
3.575312000000000000e+06
3.100192000000000000e+06
5.473220000000000000e+05
4.501026000000000000e+06
1.519148000000000000e+06
3.558958000000000000e+06
3.460656000000000000e+06
1.240626000000000000e+06
1.928756000000000000e+06
9.234900000000000000e+05
5.031862000000000000e+06
3.444300000000000000e+06
8.884000000000000000e+05
5.049942000000000000e+06
5.197680000000000000e+05
3.441252000000000000e+06
2.051674000000000000e+06
2.092650000000000000e+06
5.115950000000000000e+05
3.051116000000000000e+06
4.828782000000000000e+06
1.281650000000000000e+06
1.871478000000000000e+06
1.158778000000000000e+06
3.444350000000000000e+06
4.861570000000000000e+06
2.854544000000000000e+06
5.098920000000000000e+05
8.639020000000000000e+05
2.936482000000000000e+06
2.822810000000000000e+05
3.444400000000000000e+06
4.648400000000000000e+05
2.092726000000000000e+06
4.960884000000000000e+06
4.886202000000000000e+06
5.084246000000000000e+06
5.226287980000000000e+08
1.873596000000000000e+06
7.984040000000000000e+05
4.501200000000000000e+06
2.019960000000000000e+06
4.870658000000000000e+06
3.460828000000000000e+06
2.838200000000000000e+04
3.436258000000000000e+06
1.519344000000000000e+06
4.974548000000000000e+06
3.419902000000000000e+06
4.935438000000000000e+06
4.499676000000000000e+06
4.943638000000000000e+06
3.233510000000000000e+05
2.092824000000000000e+06
3.436314000000000000e+06
5.199690000000000000e+05
2.898240000000000000e+05
3.419944000000000000e+06
1.271772000000000000e+06
3.444522000000000000e+06
2.936620000000000000e+06
4.927282000000000000e+06
2.846516000000000000e+06
9.400600000000000000e+04
3.408524000000000000e+06
3.051342000000000000e+06
4.501330000000000000e+06
5.200210000000000000e+05
2.005350000000000000e+05
4.820824000000000000e+06
2.169230000000000000e+05
2.092896000000000000e+06
1.126242000000000000e+06
5.066596000000000000e+06
1.150825000000000000e+06
3.100530000000000000e+06
4.886390000000000000e+06
1.527672000000000000e+06
5.229402850000000000e+08
3.411840000000000000e+06
4.764808000000000000e+06
8.887080000000000000e+05
1.281926000000000000e+06
3.600266000000000000e+06
5.230467950000000000e+08
4.501388000000000000e+06
3.098606000000000000e+06
3.501974000000000000e+06
3.421644000000000000e+06
2.559902000000000000e+06
4.870052000000000000e+06
1.970088000000000000e+06
1.159082000000000000e+06
4.861872000000000000e+06
3.235100000000000000e+05
2.021364000000000000e+06
3.583932000000000000e+06
2.052030000000000000e+06
4.501442000000000000e+06
3.051464000000000000e+06
5.230468590000000000e+08
3.515042000000000000e+06
1.142734000000000000e+06
1.527760000000000000e+06
3.444690000000000000e+06
1.122956000000000000e+06
1.159124000000000000e+06
2.936790000000000000e+06
2.854880000000000000e+06
4.992994000000000000e+06
3.411944000000000000e+06
2.461684000000000000e+06
1.527798000000000000e+06
4.628400000000000000e+05
3.567610000000000000e+06
3.559422000000000000e+06
5.120030000000000000e+05
1.273866000000000000e+06
1.925230000000000000e+05
7.843860000000000000e+05
4.845586000000000000e+06
2.091012000000000000e+06
1.527834000000000000e+06
3.099994000000000000e+06
5.447990000000000000e+05
2.854948000000000000e+06
1.159212000000000000e+06
4.984880000000000000e+06
1.978436000000000000e+06
2.007740000000000000e+05
3.420232000000000000e+06
4.796490000000000000e+06
5.202670000000000000e+05
1.282128000000000000e+06
1.527894000000000000e+06
2.855000000000000000e+06
1.937498000000000000e+06
2.936924000000000000e+06
4.952166000000000000e+06
2.991110000000000000e+05
1.926200000000000000e+05
1.142894000000000000e+06
5.121200000000000000e+05
3.100800000000000000e+06
2.937600000000000000e+04
4.944002000000000000e+06
4.821128000000000000e+06
1.863818000000000000e+06
4.886670000000000000e+06
4.888604000000000000e+06
2.846894000000000000e+06
3.527368000000000000e+06
3.444916000000000000e+06
4.870326000000000000e+06
5.229406070000000000e+08
2.347200000000000000e+06
2.910130000000000000e+05
2.093772000000000000e+06
3.412170000000000000e+06
3.420364000000000000e+06
3.502304000000000000e+06
1.978596000000000000e+06
4.935910000000000000e+06
2.281705000000000000e+06
1.274092000000000000e+06
7.825820000000000000e+05
4.502228000000000000e+06
2.052352000000000000e+06
5.204580000000000000e+05
2.855180000000000000e+06
3.608846000000000000e+06
3.416792000000000000e+06
3.420434000000000000e+06
1.519894000000000000e+06
2.992870000000000000e+05
4.501790000000000000e+06
2.093352000000000000e+06
2.010020000000000000e+05
1.928160000000000000e+05
4.869512000000000000e+06
3.445042000000000000e+06
1.872186000000000000e+06
4.444476000000000000e+06
4.804928000000000000e+06
2.855234000000000000e+06
1.331530000000000000e+06
2.993410000000000000e+05
1.528142000000000000e+06
5.085240000000000000e+06
1.519954000000000000e+06
4.501844000000000000e+06
1.912206000000000000e+06
2.993570000000000000e+05
2.911690000000000000e+05
2.993710000000000000e+05
3.420524000000000000e+06
2.010710000000000000e+05
5.067120000000000000e+06
2.093426000000000000e+06
2.993850000000000000e+05
5.230554830000000000e+08
6.926160000000000000e+05
1.282444000000000000e+06
3.321760000000000000e+05
1.872278000000000000e+06
1.864088000000000000e+06
1.208730000000000000e+06
2.855328000000000000e+06
5.034404000000000000e+06
3.050908000000000000e+06
2.092938000000000000e+06
5.018036000000000000e+06
3.420598000000000000e+06
4.977092000000000000e+06
5.206460000000000000e+05
7.828020000000000000e+05
4.499154000000000000e+06
2.019802000000000000e+06
3.494364000000000000e+06
5.230555870000000000e+08
1.978856000000000000e+06
3.105236000000000000e+06
2.847216000000000000e+06
2.012010000000000000e+05
2.913240000000000000e+05
6.888960000000000000e+05
4.502018000000000000e+06
5.050884000000000000e+06
2.847580000000000000e+05
4.510220000000000000e+06
4.747792000000000000e+06
2.012350000000000000e+05
3.494424000000000000e+06
3.420700000000000000e+06
4.887072000000000000e+06
4.796962000000000000e+06
4.649870000000000000e+05
2.093606000000000000e+06
4.502062000000000000e+06
5.125590000000000000e+05
4.952624000000000000e+06
5.229409790000000000e+08
3.445300000000000000e+06
4.747832000000000000e+06
1.241658000000000000e+06
5.075516000000000000e+06
5.229328050000000000e+08
4.747852000000000000e+06
5.229261780000000000e+08
2.019918000000000000e+06
2.052688000000000000e+06
3.494482000000000000e+06
2.093652000000000000e+06
3.572496000000000000e+06
5.385800000000000000e+04
2.996360000000000000e+05
6.875500000000000000e+05
3.420792000000000000e+06
5.225930440000000000e+08
4.988352000000000000e+06
4.881858000000000000e+06
2.847374000000000000e+06
3.334936000000000000e+06
4.747922000000000000e+06
5.067412000000000000e+06
4.952734000000000000e+06
2.914900000000000000e+05
2.331302000000000000e+06
7.994020000000000000e+05
1.525874000000000000e+06
1.209008000000000000e+06
3.584694000000000000e+06
3.079890000000000000e+06
4.747964000000000000e+06
1.225406000000000000e+06
8.649600000000000000e+05
3.117768000000000000e+06
3.494604000000000000e+06
3.420884000000000000e+06
2.915460000000000000e+05
1.915002000000000000e+06
1.290976000000000000e+06
3.076902000000000000e+06
1.323750000000000000e+06
5.230558470000000000e+08
3.076842000000000000e+06
1.913582000000000000e+06
4.870896000000000000e+06
4.961012000000000000e+06
4.420346000000000000e+06
4.977408000000000000e+06
3.420930000000000000e+06
3.243630000000000000e+05
3.445516000000000000e+06
7.968020000000000000e+05
1.733390000000000000e+06
4.444952000000000000e+06
2.015040000000000000e+05
1.246000000000000000e+06
3.609378000000000000e+06
4.821798000000000000e+06
1.291064000000000000e+06
4.984446000000000000e+06
4.445004000000000000e+06
1.332048000000000000e+06
5.034808000000000000e+06
4.936532000000000000e+06
5.018454000000000000e+06
3.584860000000000000e+06
2.020190000000000000e+06
1.127268000000000000e+06
1.291118000000000000e+06
5.046940000000000000e+05
3.445628000000000000e+06
3.612138000000000000e+06
4.854658000000000000e+06
2.503556000000000000e+06
3.421064000000000000e+06
2.847626000000000000e+06
2.569102000000000000e+06
2.937744000000000000e+06
1.968280000000000000e+06
4.887448000000000000e+06
5.225930920000000000e+08
3.421084000000000000e+06
3.052454000000000000e+06
1.528756000000000000e+06
3.421112000000000000e+06
2.094022000000000000e+06
5.084106000000000000e+06
4.969422000000000000e+06
2.020306000000000000e+06
5.075926000000000000e+06
4.994008000000000000e+06
4.805598000000000000e+06
1.520608000000000000e+06
7.995680000000000000e+05
1.283050000000000000e+06
5.230561070000000000e+08
4.862956000000000000e+06
2.093908000000000000e+06
4.748282000000000000e+06
5.035006000000000000e+06
4.744404000000000000e+06
1.528838000000000000e+06
4.936714000000000000e+06
8.637460000000000000e+05
3.421198000000000000e+06
1.283090000000000000e+06
5.041668000000000000e+06
4.944924000000000000e+06
5.212460000000000000e+05
5.026852000000000000e+06
1.225564000000000000e+06
2.094122000000000000e+06
1.528876000000000000e+06
2.176066000000000000e+06
8.653480000000000000e+05
1.520712000000000000e+06
5.230562050000000000e+08
4.438200000000000000e+06
2.176082000000000000e+06
1.127508000000000000e+06
1.916430000000000000e+06
1.250390000000000000e+06
9.227120000000000000e+05
1.242204000000000000e+06
2.950862000000000000e+06
5.229415370000000000e+08
1.936360000000000000e+05
2.847846000000000000e+06
3.421288000000000000e+06
2.053230000000000000e+06
1.913968000000000000e+06
3.601530000000000000e+06
4.797564000000000000e+06
4.871300000000000000e+06
2.094216000000000000e+06
5.210700000000000000e+05
4.445336000000000000e+06
4.863132000000000000e+06
1.324192000000000000e+06
5.092514000000000000e+06
4.748452000000000000e+06
9.227960000000000000e+05
3.331246000000000000e+06
2.020534000000000000e+06
3.445946000000000000e+06
4.863168000000000000e+06
1.152194000000000000e+06
4.445380000000000000e+06
5.230563310000000000e+08
5.227368520000000000e+08
3.598542000000000000e+06
7.999580000000000000e+05
1.225956000000000000e+06
2.094314000000000000e+06
4.969708000000000000e+06
4.961518000000000000e+06
3.248470000000000000e+05
1.864950000000000000e+06
2.920900000000000000e+05
3.421438000000000000e+06
1.263162000000000000e+06
3.028228000000000000e+06
4.748550000000000000e+06
5.086764000000000000e+06
3.331338000000000000e+06
5.132910000000000000e+05
3.446030000000000000e+06
3.405072000000000000e+06
1.733916000000000000e+06
4.951600000000000000e+06
4.863270000000000000e+06
3.249050000000000000e+05
9.229220000000000000e+05
4.943410000000000000e+06
1.922350000000000000e+06
4.883336000000000000e+06
3.446070000000000000e+06
3.485236000000000000e+06
1.152318000000000000e+06
1.209666000000000000e+06
3.421510000000000000e+06
3.052876000000000000e+06
5.215530000000000000e+05
2.894020000000000000e+05
4.642130000000000000e+05
2.946392000000000000e+06
4.749540000000000000e+06
1.103194000000000000e+06
4.445532000000000000e+06
2.094440000000000000e+06
7.919140000000000000e+05
1.152364000000000000e+06
1.127320000000000000e+06
4.961656000000000000e+06
2.020730000000000000e+06
4.937086000000000000e+06
5.043584000000000000e+06
6.936340000000000000e+05
4.445574000000000000e+06
9.230160000000000000e+05
4.999404000000000000e+06
4.969866000000000000e+06
2.053516000000000000e+06
3.104322000000000000e+06
2.840460000000000000e+05
2.458520000000000000e+06
4.437394000000000000e+06
1.332632000000000000e+06
3.610012000000000000e+06
8.870240000000000000e+05
5.027236000000000000e+06
3.832100000000000000e+04
5.019060000000000000e+06
1.619382000000000000e+06
5.035448000000000000e+06
2.841010000000000000e+05
3.585478000000000000e+06
1.734088000000000000e+06
1.103306000000000000e+06
3.446220000000000000e+06
1.283534000000000000e+06
3.168890000000000000e+05
5.216940000000000000e+05
4.994528000000000000e+06
3.558992000000000000e+06
4.445666000000000000e+06
3.446244000000000000e+06
2.504168000000000000e+06
4.855292000000000000e+06
3.253440000000000000e+05
3.251230000000000000e+05
2.923560000000000000e+05
3.446282000000000000e+06
1.529356000000000000e+06
4.945428000000000000e+06
4.437526000000000000e+06
7.838980000000000000e+05
2.487840000000000000e+06
4.765218000000000000e+06
5.051940000000000000e+06
4.445738000000000000e+06
1.267248000000000000e+06
5.217820000000000000e+05
8.822320000000000000e+05
4.644410000000000000e+05
2.020932000000000000e+06
2.094662000000000000e+06
9.525880000000000000e+05
2.924280000000000000e+05
5.092942000000000000e+06
1.226328000000000000e+06
4.937308000000000000e+06
4.890090000000000000e+06
1.324646000000000000e+06
9.232420000000000000e+05
2.020974000000000000e+06
2.094708000000000000e+06
3.077756000000000000e+06
6.938860000000000000e+05
1.889924000000000000e+06
1.529478000000000000e+06
1.734280000000000000e+06
4.953738000000000000e+06
1.313048000000000000e+06
4.806290000000000000e+06
3.100270000000000000e+06
4.748952000000000000e+06
1.210010000000000000e+06
5.229339250000000000e+08
2.021030000000000000e+06
4.535978000000000000e+06
1.519218000000000000e+06
4.924360000000000000e+06
1.128734000000000000e+06
1.234614000000000000e+06
1.103544000000000000e+06
4.789946000000000000e+06
3.253080000000000000e+05
2.504382000000000000e+06
4.536002000000000000e+06
2.094790000000000000e+06
7.758800000000000000e+05
7.840760000000000000e+05
9.233420000000000000e+05
4.536020000000000000e+06
3.421910000000000000e+06
3.446488000000000000e+06
4.437726000000000000e+06
4.921056000000000000e+06
5.035746000000000000e+06
4.888296000000000000e+06
7.841100000000000000e+05
5.093104000000000000e+06
9.239440000000000000e+05
4.749042000000000000e+06
3.446460000000000000e+06
2.762180000000000000e+05
4.856106000000000000e+06
3.421952000000000000e+06
1.103618000000000000e+06
2.471688000000000000e+06
5.035786000000000000e+06
4.501122000000000000e+06
7.841420000000000000e+05
1.283866000000000000e+06
4.646700000000000000e+05
5.019430000000000000e+06
3.254190000000000000e+05
1.103662000000000000e+06
9.348780000000000000e+05
3.077942000000000000e+06
3.446584000000000000e+06
1.152826000000000000e+06
2.053948000000000000e+06
1.259362000000000000e+06
5.138590000000000000e+05
9.234620000000000000e+05
5.035852000000000000e+06
3.097570000000000000e+06
6.940980000000000000e+05
1.914708000000000000e+06
4.806492000000000000e+06
2.845100000000000000e+05
5.085024000000000000e+06
1.931106000000000000e+06
2.094952000000000000e+06
4.950332000000000000e+06
1.283946000000000000e+06
5.093242000000000000e+06
4.961258000000000000e+06
5.403090000000000000e+05
5.139200000000000000e+05
4.647730000000000000e+05
2.845510000000000000e+05
3.446666000000000000e+06
1.267598000000000000e+06
1.128336000000000000e+06
4.855702000000000000e+06
6.941680000000000000e+05
2.021278000000000000e+06
1.521568000000000000e+06
5.467210000000000000e+05
4.648070000000000000e+05
4.730080000000000000e+05
3.438514000000000000e+06
3.495860000000000000e+06
1.144760000000000000e+06
5.035964000000000000e+06
4.888510000000000000e+06
2.573302000000000000e+06
2.108860000000000000e+05
2.846160000000000000e+05
3.594186000000000000e+06
4.749264000000000000e+06
3.105784000000000000e+06
2.054098000000000000e+06
1.734612000000000000e+06
4.648540000000000000e+05
5.058150000000000000e+05
1.152984000000000000e+06
5.231062670000000000e+08
9.236120000000000000e+05
1.324026000000000000e+06
1.251294000000000000e+06
3.422176000000000000e+06
3.079918000000000000e+06
4.937698000000000000e+06
1.931236000000000000e+06
4.648690000000000000e+05
3.509278000000000000e+06
1.234932000000000000e+06
3.053560000000000000e+06
4.978682000000000000e+06
2.846680000000000000e+05
2.781860000000000000e+05
3.430398000000000000e+06
5.052418000000000000e+06
4.649010000000000000e+05
3.119112000000000000e+06
6.942960000000000000e+05
3.610652000000000000e+06
3.422242000000000000e+06
4.438054000000000000e+06
4.649410000000000000e+05
3.029038000000000000e+06
3.446838000000000000e+06
5.036088000000000000e+06
5.141100000000000000e+05
4.765762000000000000e+06
1.210442000000000000e+06
1.620044000000000000e+06
7.844660000000000000e+05
1.153110000000000000e+06
1.969970000000000000e+06
3.414114000000000000e+06
1.013860000000000000e+06
1.243240000000000000e+06
6.943780000000000000e+05
2.938996000000000000e+06
5.093498000000000000e+06
3.446910000000000000e+06
4.650250000000000000e+05
1.620100000000000000e+06
4.946056000000000000e+06
3.332240000000000000e+06
7.845400000000000000e+05
1.620128000000000000e+06
4.650610000000000000e+05
3.487910000000000000e+06
4.798634000000000000e+06
4.650730000000000000e+05
1.915060000000000000e+06
2.939064000000000000e+06
5.228732060000000000e+08
1.620166000000000000e+06
7.845920000000000000e+05
3.430612000000000000e+06
3.438810000000000000e+06
1.890524000000000000e+06
1.521886000000000000e+06
1.153252000000000000e+06
1.128678000000000000e+06
1.517948000000000000e+06
1.120490000000000000e+06
2.767170000000000000e+05
4.995310000000000000e+06
9.238880000000000000e+05
5.470620000000000000e+05
3.594492000000000000e+06
7.846500000000000000e+05
2.849036000000000000e+06
4.921616000000000000e+06
1.336366000000000000e+06
4.872470000000000000e+06
4.962588000000000000e+06
1.322118000000000000e+06
1.521954000000000000e+06
5.085476000000000000e+06
1.866024000000000000e+06
3.100380000000000000e+06
1.153322000000000000e+06
1.284396000000000000e+06
3.430706000000000000e+06
2.849790000000000000e+05
3.259410000000000000e+05
2.021686000000000000e+06
4.864312000000000000e+06
4.806986000000000000e+06
4.970828000000000000e+06
1.734992000000000000e+06
4.438356000000000000e+06
5.471670000000000000e+05
4.749666000000000000e+06
4.921710000000000000e+06
5.020016000000000000e+06
1.153398000000000000e+06
9.240240000000000000e+05
5.096512000000000000e+06
7.847720000000000000e+05
3.447176000000000000e+06
1.128842000000000000e+06
5.069200000000000000e+06
1.227154000000000000e+06
3.104494000000000000e+06
1.931672000000000000e+06
2.561092000000000000e+06
3.439002000000000000e+06
4.438432000000000000e+06
2.850940000000000000e+05
1.939880000000000000e+06
9.240780000000000000e+05
4.749746000000000000e+06
2.947510000000000000e+06
3.430844000000000000e+06
1.128898000000000000e+06
5.144990000000000000e+05
1.210822000000000000e+06
3.594696000000000000e+06
9.527380000000000000e+05
3.439058000000000000e+06
9.241160000000000000e+05
4.749784000000000000e+06
4.938202000000000000e+06
4.766172000000000000e+06
2.851610000000000000e+05
3.447276000000000000e+06
1.235438000000000000e+06
1.333754000000000000e+06
3.261390000000000000e+05
3.430908000000000000e+06
5.020158000000000000e+06
2.710018000000000000e+06
5.051420000000000000e+05
4.813910000000000000e+06
3.430922000000000000e+06
4.889102000000000000e+06
3.414544000000000000e+06
9.241780000000000000e+05
7.849200000000000000e+05
1.292828000000000000e+06
1.487700000000000000e+04
4.471332000000000000e+06
4.973048000000000000e+06
1.948200000000000000e+06
3.529258000000000000e+06
2.939438000000000000e+06
5.085752000000000000e+06
5.064290000000000000e+05
9.242220000000000000e+05
1.129024000000000000e+06
3.439030000000000000e+06
4.995654000000000000e+06
1.378000000000000000e+05
3.407628000000000000e+06
4.889172000000000000e+06
7.849820000000000000e+05
2.071128000000000000e+06
1.283172000000000000e+06
5.085788000000000000e+06
5.229348810000000000e+08
9.242580000000000000e+05
5.053030000000000000e+06
4.930152000000000000e+06
1.948266000000000000e+06
5.093996000000000000e+06
3.439214000000000000e+06
4.744186000000000000e+06
5.085820000000000000e+06
4.758142000000000000e+06
2.771200000000000000e+05
7.232400000000000000e+04
1.882762000000000000e+06
5.044876000000000000e+06
2.939540000000000000e+06
4.954774000000000000e+06
7.522790000000000000e+05
7.850480000000000000e+05
4.856480000000000000e+06
1.518022000000000000e+06
3.431080000000000000e+06
5.085866000000000000e+06
3.513004000000000000e+06
1.211056000000000000e+06
1.931958000000000000e+06
5.393200000000000000e+05
7.850820000000000000e+05
4.889278000000000000e+06
2.849472000000000000e+06
3.529410000000000000e+06
4.946634000000000000e+06
2.771960000000000000e+05
2.570962000000000000e+06
3.447510000000000000e+06
1.621796000000000000e+06
3.496668000000000000e+06
1.873018000000000000e+06
1.235684000000000000e+06
4.748412000000000000e+06
4.750062000000000000e+06
5.085936000000000000e+06
7.851400000000000000e+05
5.393880000000000000e+05
3.447552000000000000e+06
4.938500000000000000e+06
1.530636000000000000e+06
1.948432000000000000e+06
3.029780000000000000e+06
1.735446000000000000e+06
3.609732000000000000e+06
1.153818000000000000e+06
1.243610000000000000e+06
6.950760000000000000e+05
2.093012000000000000e+06
4.881196000000000000e+06
3.116850000000000000e+06
1.973038000000000000e+06
5.035144000000000000e+06
7.852020000000000000e+05
4.856630000000000000e+06
4.487996000000000000e+06
1.948480000000000000e+06
2.773130000000000000e+05
5.086018000000000000e+06
1.211204000000000000e+06
4.889418000000000000e+06
1.620812000000000000e+06
3.431246000000000000e+06
7.852420000000000000e+05
6.951340000000000000e+05
5.394940000000000000e+05
1.235826000000000000e+06
1.915768000000000000e+06
4.823948000000000000e+06
1.620882000000000000e+06
2.571156000000000000e+06
3.431320000000000000e+06
1.973146000000000000e+06
3.595166000000000000e+06
5.149790000000000000e+05
2.774140000000000000e+05
4.856744000000000000e+06
3.105592000000000000e+06
3.414964000000000000e+06
3.447738000000000000e+06
5.068150000000000000e+05
3.028128000000000000e+06
4.930502000000000000e+06
9.246300000000000000e+05
1.620954000000000000e+06
6.947780000000000000e+05
1.899486000000000000e+06
4.889568000000000000e+06
1.317864000000000000e+06
3.488252000000000000e+06
6.870920000000000000e+05
1.522698000000000000e+06
4.430862000000000000e+06
1.863512000000000000e+06
1.260564000000000000e+06
4.815896000000000000e+06
9.246980000000000000e+05
1.874976000000000000e+06
4.865058000000000000e+06
2.775450000000000000e+05
1.899566000000000000e+06
3.447858000000000000e+06
4.889656000000000000e+06
4.970338000000000000e+06
1.875006000000000000e+06
3.447876000000000000e+06
2.571336000000000000e+06
1.948746000000000000e+06
1.973324000000000000e+06
1.245026000000000000e+06
3.103540000000000000e+05
3.423316000000000000e+06
2.947570000000000000e+05
1.624592000000000000e+06
1.621862000000000000e+06
1.891442000000000000e+06
1.732460000000000000e+05
1.318008000000000000e+06
1.899652000000000000e+06
9.248080000000000000e+05
1.145994000000000000e+06
3.030158000000000000e+06
1.916048000000000000e+06
9.339780000000000000e+05
4.971676000000000000e+06
2.571422000000000000e+06
1.318052000000000000e+06
1.948842000000000000e+06
1.973420000000000000e+06
4.955318000000000000e+06
6.872880000000000000e+05
5.045436000000000000e+06
3.611838000000000000e+06
5.086400000000000000e+06
2.936694000000000000e+06
3.423434000000000000e+06
4.881612000000000000e+06
1.531090000000000000e+06
1.268948000000000000e+06
2.854754000000000000e+06
1.940004000000000000e+06
3.448028000000000000e+06
2.497760000000000000e+06
1.899746000000000000e+06
5.086438000000000000e+06
3.105030000000000000e+05
3.447336000000000000e+06
1.211636000000000000e+06
1.958310000000000000e+05
1.283284000000000000e+06
3.439866000000000000e+06
1.916156000000000000e+06
4.962858000000000000e+06
1.621248000000000000e+06
8.654940000000000000e+05
4.921902000000000000e+06
3.407126000000000000e+06
5.045528000000000000e+06
1.948954000000000000e+06
5.230666550000000000e+08
2.850080000000000000e+06
4.881708000000000000e+06
5.153760000000000000e+05
1.932594000000000000e+06
4.963636000000000000e+06
5.063902000000000000e+06
5.004600000000000000e+06
2.940218000000000000e+06
1.621898000000000000e+06
1.154372000000000000e+06
5.094734000000000000e+06
1.228112000000000000e+06
7.849520000000000000e+05
5.073466000000000000e+06
4.808030000000000000e+06
5.400050000000000000e+05
1.523054000000000000e+06
2.091584000000000000e+06
1.974924000000000000e+06
1.949066000000000000e+06
2.940302000000000000e+06
3.413230000000000000e+06
1.973656000000000000e+06
5.072910000000000000e+05
2.050630000000000000e+06
5.037490000000000000e+06
2.779400000000000000e+05
1.367480000000000000e+06
3.595710000000000000e+06
1.973696000000000000e+06
2.506178000000000000e+06
4.742596000000000000e+06
2.938102000000000000e+06
3.189200000000000000e+05
1.523148000000000000e+06
3.440082000000000000e+06
4.865492000000000000e+06
1.969744000000000000e+06
3.420068000000000000e+06
1.621468000000000000e+06
3.431902000000000000e+06
1.269226000000000000e+06
5.201060000000000000e+05
3.423746000000000000e+06
3.456518000000000000e+06
1.154574000000000000e+06
3.051056000000000000e+06
4.887812000000000000e+06
6.876480000000000000e+05
3.104292000000000000e+06
4.881964000000000000e+06
5.229194720000000000e+08
1.963880000000000000e+05
9.743920000000000000e+05
2.022974000000000000e+06
3.407424000000000000e+06
3.497538000000000000e+06
1.523270000000000000e+06
4.988488000000000000e+06
1.893644000000000000e+06
1.334858000000000000e+06
3.410530000000000000e+06
1.891924000000000000e+06
3.077390000000000000e+06
3.440214000000000000e+06
5.037658000000000000e+06
1.130078000000000000e+06
2.020624000000000000e+06
4.749926000000000000e+06
3.448422000000000000e+06
5.054056000000000000e+06
2.850414000000000000e+06
3.422824000000000000e+06
4.816504000000000000e+06
1.949306000000000000e+06
3.612286000000000000e+06
1.154688000000000000e+06
5.029824000000000000e+06
1.285762000000000000e+06
9.498940000000000000e+05
3.423882000000000000e+06
4.808336000000000000e+06
1.129070000000000000e+06
5.466440000000000000e+05
3.407514000000000000e+06
1.146530000000000000e+06
3.207960000000000000e+05
3.514026000000000000e+06
1.875628000000000000e+06
1.973940000000000000e+06
3.407550000000000000e+06
4.832960000000000000e+06
1.621704000000000000e+06
1.130190000000000000e+06
2.023122000000000000e+06
4.500090000000000000e+06
4.882148000000000000e+06
1.949414000000000000e+06
3.030760000000000000e+06
1.523436000000000000e+06
1.892078000000000000e+06
2.572016000000000000e+06
5.029622000000000000e+06
3.235400000000000000e+05
3.098460000000000000e+06
3.192280000000000000e+05
3.612414000000000000e+06
1.518208000000000000e+06
6.878760000000000000e+05
4.666950000000000000e+05
1.154828000000000000e+06
3.571472000000000000e+06
1.933078000000000000e+06
1.620612000000000000e+06
1.212186000000000000e+06
3.440412000000000000e+06
2.506530000000000000e+06
4.923172000000000000e+06
1.138652000000000000e+06
3.440426000000000000e+06
3.407662000000000000e+06
5.076980000000000000e+05
3.110910000000000000e+05
1.130292000000000000e+06
3.333944000000000000e+06
1.523518000000000000e+06
1.228612000000000000e+06
2.848054000000000000e+06
1.621830000000000000e+06
4.874056000000000000e+06
3.078618000000000000e+06
1.949538000000000000e+06
5.229279730000000000e+08
3.448678000000000000e+06
4.882282000000000000e+06
1.624722000000000000e+06
3.104624000000000000e+06
1.733528000000000000e+06
3.298622000000000000e+06
4.743034000000000000e+06
2.752490000000000000e+06
1.130370000000000000e+06
1.523588000000000000e+06
2.490246000000000000e+06
4.759434000000000000e+06
3.331394000000000000e+06
1.310606000000000000e+06
7.781300000000000000e+05
4.956054000000000000e+06
4.816802000000000000e+06
4.833188000000000000e+06
1.283398000000000000e+06
4.923310000000000000e+06
1.523640000000000000e+06
9.338200000000000000e+05
3.097930000000000000e+06
1.228734000000000000e+06
1.949632000000000000e+06
3.030978000000000000e+06
5.406120000000000000e+05
2.506696000000000000e+06
3.028300000000000000e+06
1.523668000000000000e+06
4.743132000000000000e+06
4.816862000000000000e+06
4.808682000000000000e+06
4.872872000000000000e+06
5.201900000000000000e+05
5.229363170000000000e+08
5.488630000000000000e+05
